890404536597013
937607540299243
939622653676435
949554264457501
977012445374217
978645574765423
950399044568533
952333705792652
948230674659243
957696046578003
976823380618272
986204484389423
987776636345341
958424721300763
948531360564854
832299257308962
876609557154954
890259519451022
932050953440613
936620575260145
939185747189666
978857695831332
940213676618671
993315102832865
814930059230559
853134805864559
938588196623676
984335446433729
817321956914483
812845796111889
908628778664238
957219217144733
961248466986692
977584682316145
981570689536578
813973088647608
812411700380136
917998046562177
812194037195328
818992066341164
891039124456114
929925396303804
932032072626549
942683150321249
961065797613803
